84.0,412.44,84.0,418.67,143.56,430.22,143.56,421.33,7.4v2200nAH
84.0,404.44,83.11,411.56,162.22,423.11,163.11,415.11,FORSONYNP-FSSO
84.0,394.67,84.0,403.56,176.44,417.78,176.44,408.0,BATTERYPACK
239.56,472.89,239.56,496.0,247.56,496.0,247.56,472.89,###
91.11,450.67,90.22,456.89,121.33,461.33,120.44,453.33,###
121.33,453.33,122.22,459.56,187.11,471.11,185.33,464.0,###
123.11,460.44,122.22,466.67,200.44,478.22,200.44,472.89,###
124.0,465.78,124.0,473.78,170.22,478.22,170.22,471.11,###
124.0,472.89,122.22,479.11,200.44,489.78,199.56,483.56,###
61.78,553.78,63.56,618.67,74.22,617.78,72.44,552.89,###
32.44,737.78,32.44,774.22,105.33,774.22,105.33,737.78,天猫
393.33,127.11,393.33,211.56,684.89,211.56,684.89,127.11,升级版
24.44,269.33,22.67,313.78,221.78,315.56,220.0,267.56,小巧高亮
22.67,201.78,22.67,250.67,292.89,250.67,292.89,201.78,自由调节高度
22.67,139.56,22.67,188.44,298.22,187.56,295.56,139.56,配送一电一充
22.67,28.44,21.78,105.78,175.56,105.78,173.78,29.33,酷搜
196.89,37.33,197.78,88.89,532.0,88.89,535.56,37.33,LED-5009
550.67,29.33,550.67,106.67,783.56,106.67,783.56,29.33,补光灯
399.56,704.89,400.44,763.56,748.89,763.56,748.89,704.0,送两色温片
198.67,89.78,198.67,129.78,532.89,129.78,532.89,89.78,###
