3.02,6.04,3.02,30.19,76.82,30.19,76.82,6.04,聚源
4.36,49.65,4.36,73.13,76.15,73.13,76.15,49.65,五金
4.36,94.6,4.36,124.79,92.25,124.79,92.25,94.6,6*40
209.66,207.31,209.66,238.17,296.88,238.17,296.88,207.31,6*50
408.92,134.85,408.92,148.94,427.7,148.94,427.7,134.85,###
425.69,103.32,435.76,95.27,448.5,103.32,437.77,114.73,###
441.79,113.38,441.79,126.13,457.22,126.13,457.22,113.38,###
437.77,126.13,429.72,134.85,443.14,146.26,453.87,134.18,###
542.43,12.75,542.43,53.0,715.52,53.0,715.52,12.75,页轮磨头
542.43,55.69,542.43,95.27,716.2,95.27,716.2,55.69,规格一览
589.39,99.29,589.39,140.22,714.85,140.22,714.85,99.29,实物图
81.52,231.46,81.52,301.24,508.88,301.24,508.88,231.46,聚源五金
358.6,239.51,358.6,269.71,447.83,269.71,447.83,239.51,6*60
639.04,436.76,639.04,459.57,710.16,459.57,710.16,436.76,聚源
638.37,481.04,638.37,503.85,710.16,503.85,710.16,481.04,五金
3.02,339.48,3.02,369.67,67.43,369.67,67.43,339.48,*30
60.05,444.14,60.05,474.33,148.61,474.33,148.61,444.14,6*25
189.53,480.37,189.53,509.89,277.42,509.89,277.42,480.37,6*20
351.22,485.07,351.22,515.93,440.45,515.93,440.45,485.07,6*15
572.62,450.85,572.62,481.71,484.06,481.71,484.06,450.85,3*15
591.41,388.46,591.41,419.32,679.3,419.32,679.3,388.46,6*80
